-2.000000 98.000000
-1.900000 24.000000
-1.800000 24.000000
-1.700000 24.000000
-1.600000 24.000000
-1.500000 24.000000
-1.400000 24.000000
-1.300000 24.000000
-1.200000 24.000000
-1.100000 24.000000
-1.000000 24.000000
-0.900000 24.000000
-0.800000 24.000000
-0.700000 24.000000
-0.600000 24.000000
-0.500000 24.000000
-0.400000 24.000000
-0.300000 24.000000
-0.200000 24.000000
-0.100000 24.000000
0.000000 -2.000000
0.100000 -6.000000
0.200000 -6.000000
0.300000 -6.000000
0.400000 -6.000000
0.500000 -6.000000
0.600000 -6.000000
0.700000 -6.000000
0.800000 -6.000000
0.900000 -6.000000
1.000000 -6.000000
1.100000 -6.000000
1.200000 -6.000000
1.300000 -6.000000
1.400000 -6.000000
1.500000 -6.000000
1.600000 -6.000000
1.700000 -6.000000
1.800000 -6.000000
1.900000 -6.000000
2.000000 -102.000000
2.000000 -100.000000
1.900000 -32.000000
1.800000 -32.000000
1.700000 -32.000000
1.600000 -32.000000
1.500000 -32.000000
1.400000 -32.000000
1.300000 -32.000000
1.200000 -32.000000
1.100000 -32.000000
1.000000 -32.000000
0.900000 -32.000000
0.800000 -32.000000
0.700000 -32.000000
0.600000 -32.000000
0.500000 -32.000000
0.400000 -32.000000
0.300000 -32.000000
0.200000 -32.000000
0.100000 -32.000000
-0.000000 2.000000
-0.100000 6.000000
-0.200000 6.000000
-0.300000 6.000000
-0.400000 6.000000
-0.500000 6.000000
-0.600000 6.000000
-0.700000 6.000000
-0.800000 6.000000
-0.900000 6.000000
-1.000000 6.000000
-1.100000 6.000000
-1.200000 6.000000
-1.300000 6.000000
-1.400000 6.000000
-1.500000 6.000000
-1.600000 6.000000
-1.700000 6.000000
-1.800000 6.000000
-1.900000 6.000000
-2.000000 84.000000
